[gd_scene load_steps=9 format=3 uid="uid://bggyqwvvg0xvl"]

[ext_resource type="PackedScene" uid="uid://cikp8uuoalhq5" path="res://game/driving/player/player_second_attempt.tscn" id="1_t578y"]
[ext_resource type="PackedScene" uid="uid://dav788km80g3s" path="res://game/EnvirinmScene/demo/assets/item/Star.glb" id="3_2d604"]
[ext_resource type="Script" uid="uid://cp2mumtpcw05u" path="res://game/driving/prefabs/truck/truck.gd" id="8_joms5"]
[ext_resource type="Texture2D" uid="uid://bumrpyfk6kkqb" path="res://game/EnvirinmScene/skyBox/result1.png" id="9_18wxa"]

[sub_resource type="Curve3D" id="Curve3D_ycb0r"]
_data = {
"points": PackedVector3Array(0, 0, 0, 0, 0, 0, -6.60748, 0.000274658, 4323.12, 0, 0, 0, 0, 0, 0, -6.09387, 0.000274658, 4303.6, 0, 0, 0, 0, 0, 0, -5.92099, 0.0299683, 4266.3, 0, 0, 0, 0, 0, 0, -4.17091, 0.0580139, 4231.07, 0, 0, 0, 0, 0, 0, -2.79718, 0.102142, 4175.64, 0, 0, 0, 0, 0, 0, -6.19515, 0.102203, 3959.43, 0, 0, 0, 0, 0, 0, -1.1747, 0.102325, 3447.09, 0, 0, 0, 0, 0, 0, 0.496813, 0.102448, 3196.37),
"tilts": PackedFloat32Array(0, 0, 0, 0, 0, 0, 0, 0)
}
point_count = 8

[sub_resource type="PanoramaSkyMaterial" id="PanoramaSkyMaterial_is8j0"]
panorama = ExtResource("9_18wxa")
filter = false

[sub_resource type="Sky" id="Sky_iebnq"]
sky_material = SubResource("PanoramaSkyMaterial_is8j0")
radiance_size = 2

[sub_resource type="Environment" id="Environment_pyxgo"]
background_mode = 2
sky = SubResource("Sky_iebnq")
sky_rotation = Vector3(-5.47161, -1.37008, 0)
reflected_light_source = 2
tonemap_mode = 3
tonemap_exposure = 0.66
glow_enabled = true

[node name="LevelTest" type="Node3D"]

[node name="Path3D" type="Path3D" parent="."]
transform = Transform3D(1, 0, 0, 0, 1, 0, 0, 0, 1, 0, 266.165, 0)
curve = SubResource("Curve3D_ycb0r")

[node name="Player" parent="Path3D" instance=ExtResource("1_t578y")]
unique_name_in_owner = true
transform = Transform3D(1.1646, 0, -0.0306428, 0, 1.165, 0, 0.0306428, 0, 1.1646, -6.60748, 0.000274658, 4323.12)
limits = Vector2(3, 5)

[node name="PathFollow3D" type="PathFollow3D" parent="Path3D"]
transform = Transform3D(0.999637, 0, -0.0263026, 0, 0.999997, 0, 0.0263024, 0, 0.999643, -6.60748, 0.000274658, 4323.12)

[node name="@Node3D@71306" type="Node3D" parent="Path3D/PathFollow3D"]
transform = Transform3D(0.999925, 0, 0.0129737, -2.17092e-09, 1, 1.67319e-07, -0.0129736, -1.67334e-07, 0.999919, -0.509972, 1.69229, -109.653)
visible = false

[node name="CSGBox3D4" type="CSGBox3D" parent="Path3D/PathFollow3D/@Node3D@71306"]
transform = Transform3D(-0.999882, 0.00790637, 0.0129731, -0.00790563, -0.99996, 0.000102889, 0.0129735, 1.67327e-07, 0.999912, -0.795337, 1.77008, 0)
size = Vector3(29.9971, 1.06244, 232.014)

[node name="CSGBox3D" type="CSGBox3D" parent="Path3D/PathFollow3D/@Node3D@71306"]
transform = Transform3D(0.00790557, 0.99996, -0.000102888, -0.999882, 0.0079063, 0.0129731, 0.0129735, 1.6732e-07, 0.999912, -12.3671, 1.22336, 0)
size = Vector3(7.29468, 1.06244, 232.014)

[node name="CSGBox3D2" type="CSGBox3D" parent="Path3D/PathFollow3D/@Node3D@71306"]
transform = Transform3D(0.00790557, 0.99996, -0.000102888, -0.999882, 0.0079063, 0.0129731, 0.0129735, 1.6732e-07, 0.999912, 13.9578, 1.22336, 0)
size = Vector3(7.29468, 1.06244, 232.014)

[node name="CSGBox3D3" type="CSGBox3D" parent="Path3D/PathFollow3D/@Node3D@71306"]
transform = Transform3D(-0.999882, 0.00790637, 0.0129731, -0.00790563, -0.99996, 0.000102889, 0.0129735, 1.67327e-07, 0.999912, -0.795337, -4.21686, 0)
size = Vector3(29.9971, 1.06244, 232.014)

[node name="Truck" type="Node3D" parent="Path3D"]
script = ExtResource("8_joms5")

[node name="Star" parent="Path3D" instance=ExtResource("3_2d604")]
transform = Transform3D(0.225, 0, 0, 0, 0.225, 0, 0, 0, 0.225, -9.92908, -6.34567, 4247.63)

[node name="Environment" type="Node3D" parent="."]
transform = Transform3D(1, 0, 0, 0, 1, 0, 0, 0, 1, 772.891, 469.493, -258.682)

[node name="WorldEnvironment" type="WorldEnvironment" parent="Environment"]
environment = SubResource("Environment_pyxgo")

[node name="DirectionalLight3D" type="DirectionalLight3D" parent="Environment"]
transform = Transform3D(-0.754481, -0.0975662, 0.64903, 0.543168, 0.462272, 0.700909, -0.368414, 0.881354, -0.29578, 0, 0, 0)
light_color = Color(0.544109, 0.817903, 0.953893, 1)
light_energy = 0.354
light_angular_distance = 4.55
light_specular = 1.485
shadow_enabled = true
shadow_opacity = 0.43
sky_mode = 1

[node name="CSGBox3D" type="CSGBox3D" parent="."]
transform = Transform3D(1, 0, 0, 0, 1, 0, 0, 0, 1, -38.1092, 270.238, 4243.37)
size = Vector3(13.0277, 33.0179, 1)

[node name="CSGBox3D4" type="CSGBox3D" parent="."]
transform = Transform3D(1, 0, 0, 0, -0.00607372, -0.999982, 0, 0.999982, -0.00607372, -27.1743, 242.165, 3682.83)
size = Vector3(220.655, 1463.61, 1)

[node name="CSGBox3D2" type="CSGBox3D" parent="."]
transform = Transform3D(1, 0, 0, 0, 1, 0, 0, 0, 1, -38.1092, 270.238, 3729.13)
size = Vector3(13.0277, 33.0179, 1)

[node name="CSGBox3D3" type="CSGBox3D" parent="."]
transform = Transform3D(1, 0, 0, 0, 1, 0, 0, 0, 1, -38.1092, 270.238, 3277.84)
size = Vector3(13.0277, 33.0179, 1)
